1.1 8.2 4.2 6.2 5.18 2.17 7.17 9.16 3.16
5.1 2.1 6.3 7.2 9.18 3.19 1.19 8.20 4.21
7.4 3.1 9.3 1.24 8.23 4.22 5.22 6.20 2.21
6.4 5.25 3.25 2.24 7.23 8.26 4.26 1.6 9.6
9.4 4.4 1.4 3.4 6.5 5.5 8.6 2.6 7.6
2.4 7.7 8.7 9.27 4.28 1.31 3.31 5.6 6.6
8.4 9.8 5.9 4.27 2.28 7.30 6.30 3.29 1.15
4.8 1.8 2.9 8.10 3.11 6.14 9.14 7.29 5.15
3.8 6.10 7.10 5.10 1.11 9.12 2.12 4.13 8.13
9.1 5.2 8.2 2.3 7.4 1.5 3.5 4.5 6.6
7.1 1.7 2.7 3.3 6.4 4.8 9.9 8.5 5.6
3.10 6.10 4.7 9.11 8.12 5.8 7.9 2.17 1.6
4.13 7.10 1.15 8.11 5.12 9.16 6.16 3.17 2.18
5.13 2.15 3.15 6.15 4.15 7.15 1.18 9.18 8.18
6.13 8.14 9.15 1.19 3.20 2.21 5.21 7.22 4.18
1.14 3.14 5.23 7.19 2.20 8.24 4.25 6.22 9.26
2.27 4.23 7.23 5.29 9.30 6.24 8.25 1.31 3.26
8.27 9.28 6.28 4.29 1.30 3.31 2.31 5.31 7.26
8.1 7.1 1.2 2.3 6.3 5.3 9.4 3.5 4.5
4.6 2.2 5.2 1.7 3.3 9.8 8.4 6.4 7.9
6.6 9.10 3.10 4.7 8.11 7.8 1.12 5.12 2.9
1.13 3.13 7.14 5.14 2.11 8.15 6.15 4.16 9.16
5.17 8.18 4.18 7.19 9.11 6.22 2.23 1.23 3.24
9.17 6.21 2.18 3.19 1.23 4.22 7.23 8.25 5.24
7.20 4.21 9.18 8.19 5.23 1.22 3.23 2.25 6.26
3.20 5.27 8.28 6.28 7.29 2.30 4.30 9.31 1.26
2.27 1.27 6.29 9.29 4.29 3.29 5.29 7.31 8.31
5.1 4.2 3.2 1.4 6.5 8.5 2.6 7.6 9.6
1.1 8.3 9.3 3.4 2.5 7.5 4.7 5.8 6.6
2.9 6.9 7.10 5.10 9.11 4.13 3.7 1.8 8.6
7.12 1.12 4.12 2.10 8.11 6.13 9.14 3.15 5.15
8.16 2.16 5.16 9.16 4.16 3.16 7.14 6.14 1.15
9.17 3.17 6.17 7.18 1.19 5.20 8.14 4.15 2.15
4.21 5.21 8.18 6.18 7.19 9.20 1.22 2.23 3.29
3.24 9.27 2.27 4.26 5.28 1.28 6.22 8.23 7.29
6.24 7.25 1.25 8.26 3.28 2.28 5.29 9.29 4.29
5.1 3.5 6.5 1.5 2.6 9.7 7.7 8.7 4.8
1.1 8.9 4.10 3.10 5.6 7.11 2.11 6.12 9.8
2.2 7.9 9.13 8.13 4.14 6.15 3.15 5.12 1.16
6.2 4.17 3.17 5.14 1.14 2.14 8.18 9.18 7.16
8.3 1.19 7.19 4.20 9.20 3.20 5.21 2.21 6.22
9.3 2.3 5.23 6.23 7.20 8.24 1.24 4.22 3.22
4.4 6.25 2.27 7.27 3.27 5.27 9.27 1.28 8.29
3.4 9.25 8.30 2.30 6.31 1.32 4.32 7.28 5.29
7.4 5.26 1.26 9.26 8.31 4.33 6.33 3.33 2.29
9.1 4.3 7.3 5.5 1.7 8.8 3.10 2.10 6.11
2.1 6.4 5.2 3.5 9.7 4.8 7.12 1.13 8.11
8.1 1.4 3.2 7.6 6.7 2.9 9.12 5.13 4.11
4.2 7.2 9.2 2.6 8.7 1.9 6.12 3.12 5.12
1.13 3.14 6.14 4.6 7.15 5.9 8.16 9.16 2.17
5.13 8.18 2.19 6.19 3.15 9.20 4.20 7.21 1.17
6.22 9.18 4.30 1.30 5.15 7.31 2.31 8.21 3.29
7.22 2.24 1.24 8.25 4.25 3.25 5.26 6.26 9.29
3.23 5.23 8.24 9.25 2.25 6.25 1.26 4.27 7.27
3.1 5.6 8.6 1.6 2.6 9.6 6.7 4.7 7.8
6.1 1.9 9.10 7.13 3.13 4.15 2.15 5.7 8.8
2.2 7.9 4.10 8.14 6.13 5.16 1.18 3.7 9.8
7.2 6.9 3.11 2.14 9.13 1.16 5.18 8.19 4.19
8.3 4.3 2.11 3.20 5.20 6.20 7.20 9.20 1.20
1.4 9.12 5.11 4.23 7.24 8.25 3.26 6.27 2.27
4.4 3.12 6.22 9.23 1.24 2.25 8.26 7.28 5.29
9.5 2.12 7.22 5.24 8.24 3.30 4.30 1.28 6.29
5.5 8.21 1.21 6.21 4.21 7.21 9.28 2.28 3.29